2793
2009.03,25.59
2009.03,26.87
2009.03,26.64
2009.03,26.18
2009.03,25.73
2009.03,26.48
2009.03,26.33
2009.03,26.87
2009.03,27.63
2009.03,27.43
2009.03,27.22
2009.03,27.59
2009.03,27.49
2009.03,27.65
2009.03,26.75
2009.03,25.99
2009.03,26.68
2009.04,27
2009.04,27.71
2009.04,27.6
2009.04,27.65
2009.04,27.77
2009.04,28.42
2009.04,29.01
2009.04,29.005
2009.04,29.005
2009.04,29.25
2009.04,29.39
2009.04,29.33
2009.04,29.44
2009.04,29.21
2009.04,29.23
2009.04,29.86
2009.04,30.46
2009.04,31.12
2009.04,30.95
2009.04,30.14
2009.04,29.5
2009.04,29.03
2009.05,29.025
2009.05,29.34
2009.05,28.23
2009.05,28.45
2009.05,28.05
2009.05,28.64
2009.05,29.45
2009.05,29.33
2009.05,29.86
2009.05,29.86
2009.05,29.58
2009.05,30.7
2009.05,30.89
2009.05,30.37
2009.05,29.77
2009.05,29.9
2009.05,30.13
2009.05,30.38
2009.05,30.23
2009.05,30.22
2009.05,30.35
2009.06,30.8
2009.06,31.25
2009.06,31.01
2009.06,30.29
2009.06,30.3
2009.06,30.37
2009.06,30.43
2009.06,30.02
2009.06,29.9
2009.06,29.48
2009.06,29.05
2009.06,29.07
2009.06,28.86
2009.06,28.84
2009.06,28.87
2009.06,28.32
2009.06,28.05
2009.06,28.94
2009.06,28.6
2009.06,28.19
2009.06,28.78
2009.06,28.67
2009.07,28.6
2009.07,28.08
2009.07,27.84
2009.07,27.75
2009.07,27.32
2009.07,27.95
2009.07,28.71
2009.07,28.56
2009.07,29.28
2009.07,29.06
2009.07,29.83
2009.07,29.89
2009.07,30.24
2009.07,30.44
2009.07,30.42
2009.07,31.08
2009.07,31.6
2009.07,31.51
2009.07,31.55
2009.07,31.2
2009.07,31.8
2009.07,32.92
2009.07,33
2009.08,33.07
2009.08,33.5
2009.08,33.15
2009.08,33.29
2009.08,33.45
2009.08,33.42
2009.08,33.07
2009.08,33.02
2009.08,33.14
2009.08,32.94
2009.08,32.67
2009.08,32.65
2009.08,32.58
2009.08,32.88
2009.08,33.2
2009.08,33.42
2009.08,33.53
2009.08,33.44
2009.08,33.87
2009.08,34.02
2009.08,34.06
2009.09,33.87
2009.09,34.23
2009.09,33.84
2009.09,33.92
2009.09,33.92
2009.09,33.8
2009.09,34.19
2009.09,35.1
2009.09,35.26
2009.09,35.25
2009.09,35.09
2009.09,34.61
2009.09,34.11
2009.09,34.14
2009.09,34.4
2009.09,34.5
2009.09,34.15
2009.09,33.66
2009.09,33.5
2009.09,33.2
2009.09,33.17
2009.09,33.28
2009.10,33.36
2009.10,33.07
2009.10,33.09
2009.10,33.12
2009.10,33.4
2009.10,34.33
2009.10,34.48
2009.10,34.76
2009.10,34.59
2009.10,35.08
2009.10,34.8
2009.10,34.54
2009.10,35.05
2009.10,34.75
2009.10,34.97
2009.10,34.39
2009.10,34.44
2009.10,34.1
2009.10,34.41
2009.10,31.75
2009.10,31.58
2009.10,30.8
2009.11,31.3
2009.11,31.57
2009.11,31.75
2009.11,31.75
2009.11,31.45
2009.11,31.5
2009.11,31.42
2009.11,32.01
2009.11,32.05
2009.11,32.3
2009.11,32.85
2009.11,32.91
2009.11,32.8
2009.11,32.22
2009.11,32.07
2009.11,32.46
2009.11,32.23
2009.11,32.25
2009.11,31.64
2009.11,32.09
2009.11,31.82
2009.12,32.06
2009.12,31.02
2009.12,31.04
2009.12,31.11
2009.12,30.74
2009.12,30.42
2009.12,30.09
2009.12,30.26
2009.12,30.68
2009.12,31.09
2009.12,30.88
2009.12,31.65
2009.12,31.56
2009.12,32.21
2009.12,32.9
2009.12,32.75
2009.12,32.72
2009.12,32.72
2009.12,32.72
2009.12,32.93
2009.12,32.88
2009.12,33
2009.12,33
2010.01,33
2010.01,32.94
2010.01,32.65
2010.01,33.23
2010.01,34.11
2010.01,34.35
2010.01,34.68
2010.01,34.34
2010.01,34.7
2010.01,35.35
2010.01,34.1
2010.01,33.94
2010.01,34.38
2010.01,34
2010.01,33.39
2010.01,33.1
2010.01,32.65
2010.01,32.72
2010.01,32.75
2010.01,32.18
2010.01,33.08
2010.02,33.59
2010.02,33.8
2010.02,34.05
2010.02,33.8
2010.02,33.39
2010.02,32.56
2010.02,31.76
2010.02,31.74
2010.02,31.12
2010.02,31.31
2010.02,31.4
2010.02,32.16
2010.02,32.37
2010.02,32.4
2010.02,32.91
2010.02,32.52
2010.02,32.32
2010.02,32.7
2010.02,32.31
2010.02,32.76
2010.03,33.45
2010.03,33.87
2010.03,33.62
2010.03,33.84
2010.03,34.08
2010.03,33.97
2010.03,34
2010.03,34.02
2010.03,33.7
2010.03,33.5
2010.03,33.44
2010.03,33.64
2010.03,34.5
2010.03,34.6
2010.03,34.4
2010.03,34.9
2010.03,35.22
2010.03,35.34
2010.03,35.76
2010.03,35.29
2010.03,35.68
2010.03,35.61
2010.03,35.86
2010.04,36.37
2010.04,36.04
2010.04,35.99
2010.04,35.94
2010.04,36
2010.04,36.04
2010.04,35.86
2010.04,36.3
2010.04,36.58
2010.04,36
2010.04,35.86
2010.04,36.19
2010.04,36.32
2010.04,36.4
2010.04,37
2010.04,37.34
2010.04,36.85
2010.04,35.77
2010.04,35.99
2010.04,36.23
2010.05,36.1
2010.05,35.75
2010.05,35.68
2010.05,35.62
2010.05,34.6
2010.05,35.46
2010.05,35.65
2010.05,36.05
2010.05,35.67
2010.05,35.15
2010.05,35.08
2010.05,35.41
2010.05,35.14
2010.05,34.86
2010.05,34.39
2010.05,34.49
2010.05,33.97
2010.05,34.48
2010.05,34.7
2010.05,34.69
2010.05,35.23
2010.06,35.84
2010.06,35.97
2010.06,36.55
2010.06,36.25
2010.06,36.15
2010.06,35.93
2010.06,36.24
2010.06,36.22
2010.06,36.3
2010.06,36.57
2010.06,36.7
2010.06,36.93
2010.06,37.44
2010.06,37.58
2010.06,37.58
2010.06,37.68
2010.06,37.48
2010.06,37.17
2010.06,37.13
2010.06,37.35
2010.06,36.8
2010.06,36.68
2010.07,36.44
2010.07,35.86
2010.07,35.7
2010.07,36.65
2010.07,36.97
2010.07,36.8
2010.07,37.22
2010.07,37.28
2010.07,37.46
2010.07,37.86
2010.07,37.5
2010.07,37.25
2010.07,37.2
2010.07,36.78
2010.07,36.8
2010.07,37.25
2010.07,37.35
2010.07,37.27
2010.07,36.43
2010.07,35.97
2010.07,35.5
2010.07,35.04
2010.08,35.42
2010.08,35
2010.08,35.4
2010.08,35.54
2010.08,35.03
2010.08,35.61
2010.08,35.54
2010.08,34.98
2010.08,34.97
2010.08,34.86
2010.08,34.91
2010.08,35.37
2010.08,35.32
2010.08,35.13
2010.08,35
2010.08,35.22
2010.08,34.92
2010.08,34.76
2010.08,34.73
2010.08,34.79
2010.08,34.65
2010.08,34.46
2010.09,35.19
2010.09,35.33
2010.09,35.69
2010.09,35.66
2010.09,35.3
2010.09,35.45
2010.09,36.36
2010.09,35.79
2010.09,36.1
2010.09,36.73
2010.09,36.59
2010.09,36.6
2010.09,36.96
2010.09,37.08
2010.09,37.09
2010.09,36.45
2010.09,36.64
2010.09,36.79
2010.09,36.97
2010.09,36.81
2010.09,36.48
2010.09,36.29
2010.10,36.59
2010.10,36.18
2010.10,36.74
2010.10,36.59
2010.10,36.6
2010.10,36.73
2010.10,36.86
2010.10,37.28
2010.10,37.95
2010.10,38.09
2010.10,38.16
2010.10,37.74
2010.10,37.35
2010.10,37.27
2010.10,37.7
2010.10,38.04
2010.10,38.18
2010.10,38.3
2010.10,37.23
2010.10,37.09
2010.10,37.47
2010.11,37.2
2010.11,37.39
2010.11,36.93
2010.11,37.08
2010.11,37.31
2010.11,37.28
2010.11,37.39
2010.11,37.04
2010.11,36.93
2010.11,36.74
2010.11,36.7
2010.11,36.2
2010.11,36.26
2010.11,36.67
2010.11,36.55
2010.11,36.26
2010.11,36.2
2010.11,35.84
2010.11,36.26
2010.11,36.51
2010.11,35.91
2010.11,35.94
2010.12,36.24
2010.12,36.3
2010.12,36.67
2010.12,36.62
2010.12,37
2010.12,36.67
2010.12,36.83
2010.12,36.9
2010.12,37.14
2010.12,37.34
2010.12,37.3
2010.12,37.4
2010.12,38
2010.12,37.7
2010.12,38.28
2010.12,38.22
2010.12,38.37
2010.12,38.3
2010.12,38.38
2010.12,38.4
2010.12,38.1
2011.01,38.22
2011.01,38.19
2011.01,38.12
2011.01,38.18
2011.01,38.08
2011.01,37.45
2011.01,38.62
2011.01,39.05
2011.01,40.4
2011.01,40.18
2011.01,40.86
2011.01,40.59
2011.01,40.57
2011.01,40.25
2011.01,40.13
2011.01,40.47
2011.01,40.57
2011.01,41.13
2011.01,41.77
2011.01,42.15
2011.01,42.22
2011.02,42.55
2011.02,43.01
2011.02,42.87
2011.02,43.21
2011.02,43.55
2011.02,43.41
2011.02,43.28
2011.02,43.7
2011.02,44.37
2011.02,44.67
2011.02,43.85
2011.02,44.45
2011.02,44.51
2011.02,44.24
2011.02,43.32
2011.02,43.72
2011.02,43.12
2011.02,42.88
2011.02,43.33
2011.02,43.72
2011.03,43.7
2011.03,43.67
2011.03,44.1
2011.03,44.05
2011.03,43.77
2011.03,43.37
2011.03,42.72
2011.03,43.15
2011.03,42.33
2011.03,41.82
2011.03,40.41
2011.03,39.6
2011.03,40.08
2011.03,40.73
2011.03,41.21
2011.03,40.89
2011.03,41.01
2011.03,42.16
2011.03,42.95
2011.03,42.91
2011.03,42.95
2011.03,43.49
2011.03,43.2
2011.04,43.76
2011.04,43.8
2011.04,44.2
2011.04,43.82
2011.04,43.8
2011.04,44.19
2011.04,44.3
2011.04,43.5
2011.04,44.05
2011.04,44
2011.04,44.42
2011.04,43.79
2011.04,44.27
2011.04,44.97
2011.04,45.85
2011.04,45.9
2011.04,45.68
2011.04,43.09
2011.04,43.5
2011.05,43.92
2011.05,43.75
2011.05,43.2
2011.05,42.97
2011.05,43.39
2011.05,43.69
2011.05,44.26
2011.05,44.62
2011.05,44.56
2011.05,44.49
2011.05,44.4
2011.05,43.6
2011.05,43.75
2011.05,44.09
2011.05,43.6
2011.05,42.93
2011.05,42.98
2011.05,43.11
2011.05,42.27
2011.05,42.32
2011.05,42.55
2011.05,43.17
2011.06,42.89
2011.06,42
2011.06,42.17
2011.06,42.07
2011.06,42.19
2011.06,41.73
2011.06,42.22
2011.06,41.75
2011.06,41.89
2011.06,42.79
2011.06,42.21
2011.06,42.14
2011.06,42.33
2011.06,42.34
2011.06,43.05
2011.06,42.34
2011.06,41.25
2011.06,41.09
2011.06,41.09
2011.06,41.07
2011.06,41.33
2011.06,41.75
2011.07,41.8
2011.07,42
2011.07,42.03
2011.07,42.09
2011.07,43.55
2011.07,43.04
2011.07,42.53
2011.07,41.93
2011.07,42.05
2011.07,40.86
2011.07,40.8
2011.07,40.38
2011.07,41.1
2011.07,41.21
2011.07,41.52
2011.07,42.16
2011.07,42
2011.07,43.49
2011.07,44.02
2011.07,43.95
2011.07,43.65
2011.08,42.77
2011.08,42.05
2011.08,41.52
2011.08,40.24
2011.08,39.28
2011.08,37.05
2011.08,37.4
2011.08,35.45
2011.08,36.25
2011.08,37.24
2011.08,36.99
2011.08,37.19
2011.08,36.39
2011.08,34.26
2011.08,34.26
2011.08,34.42
2011.08,35.25
2011.08,36.37
2011.08,35.98
2011.08,36.36
2011.08,37.15
2011.08,37.14
2011.08,38
2011.09,37.85
2011.09,37
2011.09,35.44
2011.09,35.79
2011.09,37.24
2011.09,37.19
2011.09,36.29
2011.09,35.6
2011.09,35.67
2011.09,36.08
2011.09,36.8
2011.09,37.24
2011.09,36.5
2011.09,37.35
2011.09,37.32
2011.09,36.28
2011.09,35.83
2011.09,36.4
2011.09,37.84
2011.09,38.32
2011.09,38.53
2011.09,38.32
2011.10,37.48
2011.10,36.87
2011.10,38.26
2011.10,38.98
2011.10,39.34
2011.10,40
2011.10,40.16
2011.10,40.55
2011.10,40.55
2011.10,41.4
2011.10,41.46
2011.10,41.88
2011.10,41.85
2011.10,41.57
2011.10,42.33
2011.10,42.59
2011.10,42.84
2011.10,43.48
2011.10,43.7
2011.10,43.92
2011.10,43.63
2011.11,42.86
2011.11,43.69
2011.11,44.31
2011.11,44.07
2011.11,43.82
2011.11,44.39
2011.11,43.7
2011.11,43.68
2011.11,44.35
2011.11,44.04
2011.11,44.14
2011.11,44.23
2011.11,44.13
2011.11,43.52
2011.11,42.85
2011.11,42.33
2011.11,41.95
2011.11,41.7
2011.11,41.78
2011.11,42.82
2011.11,42.84
2011.11,44.38
2011.12,44.57
2011.12,44.72
2011.12,43.61
2011.12,43.79
2011.12,43.65
2011.12,43.5
2011.12,43.81
2011.12,43.36
2011.12,43.42
2011.12,43.13
2011.12,43.35
2011.12,42.25
2011.12,42.14
2011.12,42.5
2011.12,39.92
2011.12,40.52
2011.12,40.56
2011.12,40.75
2011.12,40.29
2011.12,40.7
2011.12,40.85
2012.01,41.66
2012.01,41.8
2012.01,41.83
2012.01,42.15
2012.01,42.2
2012.01,42.67
2012.01,42.07
2012.01,41.84
2012.01,41.45
2012.01,42.94
2012.01,43.53
2012.01,43.86
2012.01,44.44
2012.01,44.04
2012.01,44
2012.01,44.2
2012.01,44.39
2012.01,44.5
2012.01,45.46
2012.01,45.75
2012.01,45.87
2012.01,46.19
2012.02,46.81
2012.02,47.31
2012.02,48.17
2012.02,48.09
2012.02,48
2012.02,47.84
2012.02,47.89
2012.02,47.87
2012.02,47.85
2012.02,48.43
2012.02,48.67
2012.02,48.92
2012.02,48.99
2012.02,49.62
2012.02,49.65
2012.02,49.43
2012.02,49.57
2012.02,50.29
2012.02,50.04
2012.02,50.6
2012.02,50.65
2012.03,51.08
2012.03,51.2
2012.03,51.39
2012.03,50.75
2012.03,50.79
2012.03,51.8
2012.03,52.4
2012.03,52.7
2012.03,53.48
2012.03,53.88
2012.03,54.51
2012.03,54.51
2012.03,54.43
2012.03,54
2012.03,54.06
2012.03,53.5
2012.03,53.01
2012.03,53.11
2012.03,53.09
2012.03,52.86
2012.03,52.25
2012.03,52.36
2012.04,53.21
2012.04,52.44
2012.04,51.25
2012.04,50.78
2012.04,50.05
2012.04,50.43
2012.04,50.67
2012.04,49.94
2012.04,49
2012.04,49.5
2012.04,49.66
2012.04,49.31
2012.04,49.64
2012.04,48.69
2012.04,49.29
2012.04,50
2012.04,50.51
2012.04,50.51
2012.04,50.09
2012.05,49.86
2012.05,49.53
2012.05,48.12
2012.05,48.11
2012.05,47.25
2012.05,48.02
2012.05,48.01
2012.05,48.87
2012.05,48.81
2012.05,48.12
2012.05,47.84
2012.05,47.51
2012.05,46.39
2012.05,46.82
2012.05,47.81
2012.05,47.38
2012.05,46.17
2012.05,45.79
2012.05,46.17
2012.05,46.75
2012.05,45.93
2012.05,46.4
2012.06,44.69
2012.06,44.16
2012.06,44.35
2012.06,45.43
2012.06,45.38
2012.06,45.51
2012.06,46.22
2012.06,46.02
2012.06,46.05
2012.06,45.67
2012.06,46.47
2012.06,46.7
2012.06,47.68
2012.06,47.67
2012.06,46.4
2012.06,45.74
2012.06,45.05
2012.06,45.14
2012.06,45.76
2012.06,44.97
2012.06,46.55
2012.07,47.54
2012.07,47.87
2012.07,47.6
2012.07,47.66
2012.07,45.55
2012.07,44.71
2012.07,45.35
2012.07,46.27
2012.07,47.5
2012.07,48.9
2012.07,49.03
2012.07,49.05
2012.07,50.48
2012.07,51
2012.07,50.58
2012.07,49.06
2012.07,50.77
2012.07,50.44
2012.07,51.41
2012.07,52.22
2012.07,52.3
2012.07,51.86
2012.08,51.56
2012.08,51.26
2012.08,52.59
2012.08,52.9
2012.08,52.38
2012.08,52.55
2012.08,52.59
2012.08,51.65
2012.08,51.79
2012.08,52.35
2012.08,52.07
2012.08,51.94
2012.08,51.99
2012.08,52.46
2012.08,52.86
2012.08,51.97
2012.08,51.38
2012.08,51.69
2012.08,52.54
2012.08,51.78
2012.08,52.04
2012.08,51.52
2012.08,52.41
2012.09,53.03
2012.09,52.38
2012.09,53.15
2012.09,53.93
2012.09,53.79
2012.09,53.51
2012.09,53.7
2012.09,54.4
2012.09,54.5
2012.09,54.9
2012.09,54.9
2012.09,55.72
2012.09,56
2012.09,55.99
2012.09,56.3
2012.09,56.04
2012.09,56.69
2012.09,55.11
2012.09,55.21
2012.09,55.11
2012.10,55.11
2012.10,54.81
2012.10,55.05
2012.10,54.24
2012.10,55.03
2012.10,55.03
2012.10,54.6
2012.10,53.5
2012.10,54.01
2012.10,54.19
2012.10,54.85
2012.10,55.48
2012.10,54.8
2012.10,54.75
2012.10,54.4
2012.10,53.19
2012.10,52.86
2012.10,55.07
2012.10,55
2012.10,55.24
2012.10,55.52
2012.10,56.27
2012.10,56.2
2012.11,56.84
2012.11,57.09
2012.11,56.74
2012.11,57.34
2012.11,56.16
2012.11,56.22
2012.11,55.66
2012.11,55.67
2012.11,56.45
2012.11,56.14
2012.11,55.35
2012.11,55.51
2012.11,57.15
2012.11,57.66
2012.11,58.82
2012.11,59.11
2012.11,59.63
2012.11,59.52
2012.11,59.68
2012.11,59.75
2012.11,60.18
2012.11,60.04
2012.12,60.83
2012.12,61.15
2012.12,60.57
2012.12,61.01
2012.12,61.23
2012.12,61.21
2012.12,61.43
2012.12,61.28
2012.12,60.48
2012.12,60.95
2012.12,61
2012.12,60.7
2012.12,61.02
2012.12,61.1
2012.12,60.34
2012.12,60.74
2012.12,60.69
2013.01,62.08
2013.01,62
2013.01,61.47
2013.01,60.95
2013.01,60.65
2013.01,61.02
2013.01,60.61
2013.01,61.32
2013.01,61.06
2013.01,58.7
2013.01,59.02
2013.01,58.13
2013.01,58.05
2013.01,58.4
2013.01,57.82
2013.01,59.2
2013.01,58.9
2013.01,60.04
2013.01,59.98
2013.01,60.29
2013.01,60.28
2013.01,60.34
2013.02,60.91
2013.02,60.05
2013.02,60.2
2013.02,59.16
2013.02,59.2
2013.02,59.53
2013.02,58.99
2013.02,59.9
2013.02,59.95
2013.02,59.77
2013.02,59.78
2013.02,59.37
2013.02,59.8
2013.02,59.97
2013.02,59.09
2013.02,59.55
2013.02,60.52
2013.02,59.01
2013.02,59.49
2013.02,59.85
2013.03,60.35
2013.03,60.95
2013.03,62.58
2013.03,63.42
2013.03,63.8
2013.03,63.81
2013.03,64
2013.03,63.61
2013.03,63.95
2013.03,64.79
2013.03,64.8
2013.03,64.4
2013.03,64.25
2013.03,64.31
2013.03,62.96
2013.03,62.5
2013.03,62.21
2013.03,61.96
2013.03,61.65
2013.03,62.5
2013.04,63.12
2013.04,62.8
2013.04,61.72
2013.04,59.92
2013.04,60.01
2013.04,59.22
2013.04,59.78
2013.04,59.78
2013.04,59.3
2013.04,58.93
2013.04,59.43
2013.04,58.88
2013.04,59.63
2013.04,57.85
2013.04,57.11
2013.04,57.74
2013.04,59.53
2013.04,60.42
2013.04,59.75
2013.04,59.96
2013.04,60.31
2013.05,60.3
2013.05,61.82
2013.05,62.03
2013.05,62.52
2013.05,62.84
2013.05,62.81
2013.05,63.3
2013.05,63.36
2013.05,64.03
2013.05,64.05
2013.05,62.98
2013.05,62.73
2013.05,62.55
2013.05,62
2013.05,62
2013.05,60.64
2013.05,58.68
2013.05,59.89
2013.05,60.2
2013.05,58.79
2013.05,58.68
2013.05,58.03
2013.06,57.91
2013.06,58.42
2013.06,57.2
2013.06,57.19
2013.06,58.02
2013.06,58.39
2013.06,57.65
2013.06,57.41
2013.06,57.24
2013.06,57.26
2013.06,58.2
2013.06,57.74
2013.06,57.57
2013.06,56.63
2013.06,55.1
2013.06,54.42
2013.06,54.88
2013.06,57.39
2013.06,58
2013.06,56.26
2013.07,55.42
2013.07,55.5
2013.07,54.7
2013.07,55.03
2013.07,54.5
2013.07,55.46
2013.07,56.25
2013.07,55.9
2013.07,56.7
2013.07,57.36
2013.07,57.8
2013.07,57.52
2013.07,57.67
2013.07,57.03
2013.07,55.73
2013.07,55.25
2013.07,55.12
2013.07,55.7
2013.07,55.54
2013.07,55.25
2013.07,55.14
2013.07,55.62
2013.07,55.29
2013.08,55.82
2013.08,56.31
2013.08,56.65
2013.08,57.07
2013.08,56.58
2013.08,56.1
2013.08,56.11
2013.08,55.88
2013.08,56.35
2013.08,57.45
2013.08,57.17
2013.08,57.1
2013.08,56.96
2013.08,56.47
2013.08,56.29
2013.08,56.93
2013.08,57.25
2013.08,57.8
2013.08,56.81
2013.08,56.36
2013.08,56.53
2013.08,55.93
2013.09,56.11
2013.09,55.09
2013.09,54.2
2013.09,53.42
2013.09,53.81
2013.09,54
2013.09,54.69
2013.09,54.4
2013.09,55.15
2013.09,54.74
2013.09,54.9
2013.09,54.82
2013.09,55.29
2013.09,55.6
2013.09,55.45
2013.09,54.84
2013.09,55.41
2013.09,56.03
2013.09,55.45
2013.09,55.19
2013.09,54.67
2013.10,54.9
2013.10,54.79
2013.10,54.52
2013.10,54.11
2013.10,52.9
2013.10,52.55
2013.10,52.2
2013.10,53.5
2013.10,53.98
2013.10,53.82
2013.10,53.85
2013.10,53.82
2013.10,53.31
2013.10,53.51
2013.10,56.06
2013.10,57.07
2013.10,56.85
2013.10,57
2013.10,57.62
2013.10,57.89
2013.10,57.7
2013.10,57.6
2013.10,57.86
2013.11,57.85
2013.11,57.85
2013.11,57.6
2013.11,58.62
2013.11,58.9
2013.11,58.99
2013.11,59.88
2013.11,59.52
2013.11,59.4
2013.11,59.94
2013.11,60.9
2013.11,60.98
2013.11,60.64
2013.11,60.81
2013.11,60.2
2013.11,60.26
2013.11,61.08
2013.11,60.95
2013.11,61.27
2013.11,61.6
2013.11,60.95
2013.12,60.5
2013.12,59.83
2013.12,59.63
2013.12,59.39
2013.12,59.97
2013.12,59.74
2013.12,59.26
2013.12,59.41
2013.12,58.54
2013.12,58.85
2013.12,59.67
2013.12,58.98
2013.12,59.44
2013.12,61.02
2013.12,61.45
2013.12,61.84
2013.12,62.08
2013.12,62.31
2014.01,61.67
2014.01,61.71
2014.01,62
2014.01,61.51
2014.01,62.55
2014.01,61.75
2014.01,61
2014.01,61.21
2014.01,60.36
2014.01,60.98
2014.01,60.8
2014.01,60.68
2014.01,60.65
2014.01,59.62
2014.01,58.94
2014.01,58
2014.01,56.78
2014.01,57.2
2014.01,56.47
2014.01,56.73
2014.01,56.93
2014.01,56.66
2014.02,55.94
2014.02,55.87
2014.02,55.28
2014.02,56.02
2014.02,56.07
2014.02,55.97
2014.02,57.21
2014.02,57.52
2014.02,57.7
2014.02,58.25
2014.02,58.3
2014.02,58.5
2014.02,58.34
2014.02,57.91
2014.02,58.09
2014.02,58.22
2014.02,58.33
2014.02,58.5
2014.02,58.08
2014.02,58.52
2014.03,56.6
2014.03,57.65
2014.03,57.13
2014.03,57.29
2014.03,56.37
2014.03,55.81
2014.03,55.95
2014.03,55.3
2014.03,54.4
2014.03,54.31
2014.03,55.56
2014.03,55.95
2014.03,56.01
2014.03,55.85
2014.03,56.6
2014.03,56.12
2014.03,56.8
2014.03,57.48
2014.03,58.3
2014.03,58.7
2014.03,58.76
2014.04,58.98
2014.04,58.83
2014.04,58.99
2014.04,59.15
2014.04,58.17
2014.04,58.22
2014.04,58.4
2014.04,58.3
2014.04,56.96
2014.04,57.6
2014.04,57.5
2014.04,58.43
2014.04,57.73
2014.04,57.9
2014.04,57.6
2014.04,57.48
2014.04,56.34
2014.04,56.74
2014.04,57.71
2014.04,58.04
2014.05,57.77
2014.05,56.74
2014.05,56.29
2014.05,56.05
2014.05,55.47
2014.05,54.84
2014.05,55.9
2014.05,56.01
2014.05,56.27
2014.05,55.4
2014.05,55.1
2014.05,54.8
2014.05,54.84
2014.05,55.44
2014.05,54.41
2014.05,54.54
2014.05,55.1
2014.05,55.79
2014.05,56.06
2014.05,56.09
2014.05,56.16
2014.06,55.8
2014.06,55.99
2014.06,55.61
2014.06,55.5
2014.06,55.15
2014.06,55.32
2014.06,55.56
2014.06,55.4
2014.06,55.67
2014.06,56.17
2014.06,56.66
2014.06,56.98
2014.06,57.36
2014.06,57.6
2014.06,57.24
2014.06,57.12
2014.06,57.31
2014.06,56.7
2014.06,56.3
2014.06,56.32
2014.06,56.4
2014.07,56.53
2014.07,56.82
2014.07,57.6
2014.07,57.74
2014.07,57.94
2014.07,57.35
2014.07,57.53
2014.07,56.97
2014.07,57.06
2014.07,58.08
2014.07,57.55
2014.07,58
2014.07,59.37
2014.07,60.2
2014.07,60.02
2014.07,60.74
2014.07,61.12
2014.07,60.7
2014.07,59.9
2014.07,59.82
2014.07,60.01
2014.07,59.74
2014.07,58.86
2014.08,57.57
2014.08,57.04
2014.08,58.18
2014.08,57.67
2014.08,57.45
2014.08,56.94
2014.08,58.01
2014.08,57.48
2014.08,57.64
2014.08,57.57
2014.08,56.6
2014.08,57.75
2014.08,58.53
2014.08,58.27
2014.08,58.69
2014.08,58.4
2014.08,59.66
2014.08,59.92
2014.08,59.87
2014.08,59.17
2014.08,59.2
2014.09,59.5
2014.09,59.8
2014.09,59.28
2014.09,59.99
2014.09,59.96
2014.09,60.66
2014.09,60.1
2014.09,59.97
2014.09,59.87
2014.09,59.86
2014.09,59.96
2014.09,59.54
2014.09,59.39
2014.09,59.89
2014.09,57.63
2014.09,57.98
2014.09,57.4
2014.09,57.57
2014.09,56.77
2014.09,57.31
2014.09,57.09
2014.09,57.1
2014.10,56.6
2014.10,55.99
2014.10,56.55
2014.10,55.92
2014.10,53.75
2014.10,54.65
2014.10,54.56
2014.10,54.17
2014.10,54.25
2014.10,52.56
2014.10,51.94
2014.10,54.01
2014.10,50.9
2014.10,51.87
2014.10,51
2014.10,52.36
2014.10,51.64
2014.10,51.44
2014.10,52.36
2014.10,52.14
2014.10,52.66
2014.10,54.24
2014.11,53.57
2014.11,52.96
2014.11,53.9
2014.11,54.45
2014.11,53.6
2014.11,54.09
2014.11,54.1
2014.11,53.18
2014.11,53.3
2014.11,53.44
2014.11,53.98
2014.11,54.74
2014.11,54.79
2014.11,54.88
2014.11,56.08
2014.11,56.56
2014.11,56.9
2014.11,56.86
2014.11,56.77
2014.11,56.68
2014.12,57.02
2014.12,56.93
2014.12,56.63
2014.12,55.59
2014.12,56.94
2014.12,57.1
2014.12,56.08
2014.12,55.8
2014.12,57.09
2014.12,55.59
2014.12,53.96
2014.12,54.86
2014.12,54.85
2014.12,56.93
2014.12,57.86
2014.12,57.85
2014.12,58.25
2014.12,58.73
2014.12,58.26
2015.01,58.26
2015.01,56.34
2015.01,55.07
2015.01,54.87
2015.01,56.07
2015.01,54.53
2015.01,57.05
2015.01,57.48
2015.01,56.47
2015.01,57.8
2015.01,57.57
2015.01,57.51
2015.01,54.87
2015.01,55.21
2015.01,56.13
2015.01,57.49
2015.01,58.26
2015.01,57.6
2015.01,57.31
2015.01,57.79
2015.01,57.86
2015.02,58.7
2015.02,59.12
2015.02,59.6
2015.02,59.68
2015.02,59.2
2015.02,58.81
2015.02,59.12
2015.02,59.15
2015.02,60.33
2015.02,60.69
2015.02,60.69
2015.02,60.48
2015.02,60.53
2015.02,60.77
2015.02,60.93
2015.02,61.73
2015.02,61.78
2015.02,61.88
2015.02,62.57
2015.02,62.84
2015.03,63.35
2015.03,62.79
2015.03,63.07
2015.03,63.59
2015.03,63.47
2015.03,63.02
2015.03,62.6
2015.03,63.75
2015.03,63.8
2015.03,64.7
2015.03,65.49
2015.03,65.12
2015.03,65.53
2015.03,66.1
2015.03,67.1
2015.03,66.9
2015.03,67.6
2015.03,66.06
2015.03,65.95
2015.03,66.35
2015.03,67.36
2015.03,67.53
2015.04,67.4
2015.04,67.07
2015.04,67.7
2015.04,67.35
2015.04,68.1
2015.04,69.05
2015.04,69.13
2015.04,68.79
2015.04,68.76
2015.04,67.74
2015.04,66.61
2015.04,67.41
2015.04,68.94
2015.04,69.14
2015.04,68.91
2015.04,69.12
2015.04,70.72
2015.04,69.81
2015.04,68.62
2015.04,67.93
2015.05,68.46
2015.05,66.75
2015.05,66.29
2015.05,67.18
2015.05,67.92
2015.05,67.99
2015.05,67.02
2015.05,66.82
2015.05,67.83
2015.05,67.48
2015.05,68.02
2015.05,69.06
2015.05,69.19
2015.05,68.3
2015.05,68.02
2015.05,67.3
2015.05,68.15
2015.05,68.12
2015.05,67.39
2015.06,67.6
2015.06,67.2
2015.06,67.36
2015.06,66.82
2015.06,66.31
2015.06,65.65
2015.06,64.83
2015.06,65.3
2015.06,66.02
2015.06,65.41
2015.06,64.26
2015.06,64.7
2015.06,64.51
2015.06,64.1
2015.06,63.99
2015.06,66.29
2015.06,66.64
2015.06,66.08
2015.06,66
2015.06,65.67
2015.06,63.62
2015.06,62.6
2015.07,63.63
2015.07,63
2015.07,62.46
2015.07,61.58
2015.07,61.29
2015.07,62.39
2015.07,63.72
2015.07,64.81
2015.07,66.21
2015.07,66.65
2015.07,67.24
2015.07,68.69
2015.07,68.4
2015.07,68.77
2015.07,67.8
2015.07,66.83
2015.07,67.07
2015.07,66.49
2015.07,64.77
2015.07,65.12
2015.07,65.13
2015.07,65.47
2015.07,65.26
2015.08,65.67
2015.08,65.95
2015.08,66.79
2015.08,66.54
2015.08,65.54
2015.08,66.38
2015.08,64.89
2015.08,63.25
2015.08,63.45
2015.08,63.21
2015.08,63.05
2015.08,63
2015.08,62.76
2015.08,61.76
2015.08,59.96
2015.08,56.9
2015.08,60.27
2015.08,58.29
2015.08,60.02
2015.08,60.17
2015.08,59.99
2015.09,58.71
2015.09,58.39
2015.09,59.83
2015.09,58.22
2015.09,58.46
2015.09,58.86
2015.09,59
2015.09,58.35
2015.09,57.94
2015.09,58.16
2015.09,58.17
2015.09,59.16
2015.09,59.09
2015.09,57.56
2015.09,58.13
2015.09,56.55
2015.09,56.55
2015.09,55.89
2015.09,57.32
2015.09,56.79
2015.09,56.78
2015.09,57.95
2015.10,57.12
2015.10,57.69
2015.10,59.29
2015.10,59.89
2015.10,59.49
2015.10,59.47
2015.10,60.42
2015.10,60.51
2015.10,63.75
2015.10,63.41
2015.10,65.13
2015.10,66.12
2015.10,66.15
2015.10,66.5
2015.10,67.56
2015.10,68.91
2015.10,69.92
2015.10,70.13
2015.10,69.93
2015.10,70.85
2015.10,71.15
2015.10,71.88
2015.11,72.33
2015.11,73.42
2015.11,73.08
2015.11,73.75
2015.11,73.14
2015.11,72.93
2015.11,72.8
2015.11,73.94
2015.11,73.54
2015.11,72.99
2015.11,72.46
2015.11,73.86
2015.11,73.96
2015.11,74.8
2015.11,74.85
2015.11,74.32
2015.11,73.59
2015.11,74.41
2015.11,74.74
2015.11,74.54
2015.11,74.59
2015.12,74.73
2015.12,74.75
2015.12,72.44
2015.12,71.76
2015.12,72.85
2015.12,72.4
2015.12,71.71
2015.12,71.86
2015.12,70.55
2015.12,69.4
2015.12,71.63
2015.12,71.18
2015.12,72.93
2015.12,72.28
2015.12,71.82
2015.12,71.75
2015.12,73
2015.12,73
2015.12,73
2015.12,72.86
2015.12,74.12
2015.12,73.38
2015.12,73.38
2016.01,73.38
2016.01,70.58
2016.01,71.43
2016.01,72.05
2016.01,71.34
2016.01,71.05
2016.01,71.6
2016.01,74.25
2016.01,73.73
2016.01,73.03
2016.01,70.68
2016.01,71.22
2016.01,72.29
2016.01,70.96
2016.01,71.71
2016.01,72
2016.01,72.68
2016.01,72.49
2016.01,73.38
2016.01,71.01
2016.01,73.19
2016.02,73.19
2016.02,71.79
2016.02,70.85
2016.02,69.9
2016.02,67.96
2016.02,65.98
2016.02,66.38
2016.02,67.06
2016.02,64.9
2016.02,65.29
2016.02,67.14
2016.02,67.16
2016.02,68.6
2016.02,69.25
2016.02,69.58
2016.02,70.5
2016.02,69.94
2016.02,68
2016.02,69.91
2016.02,70.24
2016.02,69.94
2016.03,71.13
2016.03,71.17
2016.03,69.56
2016.03,69.89
2016.03,69.57
2016.03,69.38
2016.03,69.77
2016.03,68.62
2016.03,69.97
2016.03,71.07
2016.03,71.25
2016.03,71.52
2016.03,70.58
2016.03,71.03
2016.03,70.7
2016.03,71.07
2016.03,71.45
2016.03,70.84
2016.03,70.84
2016.03,70.83
2016.03,71.16
2016.03,71.1
2016.04,70.07
2016.04,70.04
2016.04,68.78
2016.04,69.12
2016.04,68.19
2016.04,67.51
2016.04,67.42
2016.04,68.45
2016.04,69.38
2016.04,69.96
2016.04,69.7
2016.04,70.05
2016.04,71.03
2016.04,71.09
2016.04,71.11
2016.04,71.24
2016.04,70.8
2016.04,70.23
2016.04,71.12
2016.04,70.64
2016.04,68.32
2016.05,68.92
2016.05,67.99
2016.05,67.3
2016.05,67.58
2016.05,67.37
2016.05,68.83
2016.05,68.8
2016.05,68.18
2016.05,68.5
2016.05,68.49
2016.05,68.49
2016.05,68.22
2016.05,68.95
2016.05,68.51
2016.05,69.44
2016.05,69.75
2016.05,71.33
2016.05,72.1
2016.05,72.62
2016.05,72.77
2016.05,72.93
2016.05,72.96
2016.06,72.62
2016.06,72.16
2016.06,71.56
2016.06,71.47
2016.06,72.37
2016.06,71.7
2016.06,71.33
2016.06,69.66
2016.06,68.19
2016.06,67.35
2016.06,67.68
2016.06,67.33
2016.06,67.77
2016.06,69.6
2016.06,70.27
2016.06,70.09
2016.06,71.11
2016.06,67.11
2016.06,65.2
2016.06,66.4
2016.06,67.72
2016.06,67.16
2016.07,67.4
2016.07,67.26
2016.07,67.01
2016.07,66.7
2016.07,67.4
2016.07,69.37
2016.07,70.6
2016.07,70.86
2016.07,70.4
2016.07,71.32
2016.07,71.19
2016.07,71.73
2016.07,71.65
2016.07,75.72
2016.07,76.67
2016.07,76.64
2016.07,77.09
2016.07,77.71
2016.07,78.2
2016.07,78.25
2016.07,78.41
2016.08,78.41
2016.08,77.05
2016.08,77.14
2016.08,77.2
2016.08,77.65
2016.08,77.43
2016.08,78.84
2016.08,78.65
2016.08,78.92
2016.08,78.56
2016.08,78.77
2016.08,77.99
2016.08,77.7
2016.08,77.68
2016.08,78.01
2016.08,77.31
2016.08,77.78
2016.08,77.86
2016.08,77.5
2016.08,78.08
2016.08,77.85
2016.08,79.68
2016.08,78.76
2016.09,78.8
2016.09,80.4
2016.09,80.7
2016.09,80.36
2016.09,80.66
2016.09,80.05
2016.09,78.85
2016.09,78.38
2016.09,78.23
2016.09,78.54
2016.09,78.81
2016.09,77.81
2016.09,79.05
2016.09,79.77
2016.09,80.19
2016.09,82.36
2016.09,81.63
2016.09,80.46
2016.09,80.85
2016.09,81.36
2016.09,80.74
2016.09,80.92
2016.10,80.92
2016.10,81.47
2016.10,81.28
2016.10,81.09
2016.10,80.13
2016.10,80.82
2016.10,80.41
2016.10,79.14
2016.10,78.6
2016.10,78.96
2016.10,78.57
2016.10,79.87
2016.10,79.47
2016.10,79.31
2016.10,81.98
2016.10,81.43
2016.10,81.07
2016.10,80.82
2016.10,80.7
2016.10,80.66
2016.10,80.24
2016.11,78.52
2016.11,77.5
2016.11,76.69
2016.11,77.1
2016.11,78.3
2016.11,78.51
2016.11,78.53
2016.11,77.38
2016.11,76.45
2016.11,75.84
2016.11,75.97
2016.11,76.76
2016.11,77.15
2016.11,78.29
2016.11,79.06
2016.11,79.86
2016.11,79.7
2016.11,80.78
2016.11,80.87
2016.11,80.17
2016.11,79.69
2016.11,78.88
2016.12,77.53
2016.12,76.94
2016.12,77.31
2016.12,77.13
2016.12,78.14
2016.12,79.41
2016.12,79.87
2016.12,79.56
2016.12,80.61
2016.12,80.4
2016.12,81.44
2016.12,81.43
2016.12,82.19
2016.12,82.69
2016.12,82.51
2016.12,82.3
2016.12,82.01
2016.12,82.03
2016.12,82.35
2016.12,82.72
2016.12,82.7
2016.12,82.81
2017.01,83.54
2017.01,82.89
2017.01,82.43
2017.01,82.69
2017.01,83.66
2017.01,84.34
2017.01,84
2017.01,83.95
2017.01,83.58
2017.01,84.18
2017.01,83.73
2017.01,83.47
2017.01,83.6
2017.01,83.99
2017.01,83.8
2017.01,82.87
2017.01,83.46
2017.01,84.66
2017.01,85.02
2017.01,85.23
2017.01,85.14
2017.01,84.63
2017.02,84.1
2017.02,85.4
2017.02,85.48
2017.02,84.77
2017.02,85.4
2017.02,85.97
2017.02,86.28
2017.02,86.28
2017.02,87.38
2017.02,87.3
2017.02,87.17
2017.02,86.93
2017.02,86.89
2017.02,87.1
2017.02,88.17
2017.02,88.97
2017.02,89
2017.02,87.97
2017.02,87.76
2017.02,87.95
2017.03,89.37
2017.03,89.44
2017.03,89.28
2017.03,88.94
2017.03,89.16
2017.03,89.53
2017.03,89.5
2017.03,89.03
2017.03,89.16
2017.03,89.36
2017.03,89.73
2017.03,90.65
2017.03,90.95
2017.03,91.07
2017.03,90.26
2017.03,90.5
2017.03,90.95
2017.03,90.8
2017.03,89.4
2017.03,90.61
2017.03,91.09
2017.03,91.39
2017.03,91.98
2017.04,91.91
2017.04,92.27
2017.04,91.71
2017.04,91.43
2017.04,91.79
2017.04,91.76
2017.04,91.02
2017.04,91.49
2017.04,91.1
2017.04,91.1
2017.04,91.1
2017.04,90.36
2017.04,90.66
2017.04,90.4
2017.04,90.92
2017.04,92.99
2017.04,93.13
2017.04,92.45
2017.04,92.35
2017.04,92.07
2017.05,92.1
2017.05,92.8
2017.05,92.48
2017.05,93.21
2017.05,93.84
2017.05,94.22
2017.05,95.2
2017.05,95.04
2017.05,93.98
2017.05,94.66
2017.05,94.21
2017.05,94.22
2017.05,93.95
2017.05,93.75
2017.05,93.92
2017.05,94
2017.05,94.68
2017.05,94.93
2017.05,95.04
2017.05,94.98
2017.05,95.3
2017.05,95.25
2017.05,95.3
2017.06,95.57
2017.06,96.1
2017.06,95.65
2017.06,95.26
2017.06,95.81
2017.06,96
2017.06,92.56
2017.06,93.59
2017.06,94.25
2017.06,93.26
2017.06,94.4
2017.06,95.46
2017.06,94.85
2017.06,95.2
2017.06,96.01
2017.06,95.93
2017.06,95.69
2017.06,94.35
2017.06,93.5
2017.06,90.89
2017.06,91.45
2017.07,91.18
2017.07,90.73
2017.07,91
2017.07,90.1
2017.07,90.36
2017.07,91.31
2017.07,90.33
2017.07,91.58
2017.07,91.36
2017.07,91.34
2017.07,90.99
2017.07,89.83
2017.07,91.33
2017.07,91.11
2017.07,88.88
2017.07,88.75
2017.07,89.11
2017.07,90.14
2017.07,90.8
2017.07,90.3
2017.07,89.68
2017.08,90.54
2017.08,89.63
2017.08,90.55
2017.08,91.44
2017.08,90.66
2017.08,90.82
2017.08,89.93
2017.08,88.99
2017.08,88.43
2017.08,89.84
2017.08,90
2017.08,90.35
2017.08,89.87
2017.08,89.24
2017.08,88.67
2017.08,89.59
2017.08,89.28
2017.08,88.58
2017.08,88.35
2017.08,87.85
2017.08,87.14
2017.08,87.53
2017.08,88.1
2017.09,88.6
2017.09,87.88
2017.09,88.21
2017.09,88.65
2017.09,90.11
2017.09,90.54
2017.09,91.78
2017.09,91.85
2017.09,92.28
2017.09,91.93
2017.09,92.01
2017.09,92.11
2017.09,91.9
2017.09,91.84
2017.09,91.74
2017.09,92.09
2017.09,91.88
2017.09,91.42
2017.09,91.66
2017.09,92.18
2017.09,92.69
2017.10,94.08
2017.10,93.79
2017.10,94.33
2017.10,94.3
2017.10,95.45
2017.10,95.03
2017.10,94.82
2017.10,95.18
2017.10,95.12
2017.10,94.63
2017.10,94.52
2017.10,95.01
2017.10,95.6
2017.10,95.22
2017.10,95.99
2017.10,95.33
2017.10,95.49
2017.10,97.26
2017.10,98.32
2017.10,97.66
2017.11,100.35
2017.11,98.79
2017.11,98.85
2017.11,99.55
2017.11,98.49
2017.11,98.5
2017.11,96.78
2017.11,96.26
2017.11,95.96
2017.11,96.07
2017.11,95.96
2017.11,96.34
2017.11,96.51
2017.11,97
2017.11,98.25
2017.11,96.57
2017.11,96.72
2017.11,97.25
2017.11,97.02
2017.11,97.13
2017.11,95.34
2017.11,94.65
2017.12,93.17
2017.12,94.35
2017.12,94.56
2017.12,95
2017.12,95.11
2017.12,95.54
2017.12,94.7
2017.12,96.19
2017.12,96.06
2017.12,96.77
2017.12,97.35
2017.12,98.49
2017.12,97.02
2017.12,95
2017.12,95.36
2017.12,94.58
2017.12,94.98
2017.12,93.89
2017.12,93.45
2018.01,92.8
2018.01,94.07
2018.01,91.43
2018.01,90.73
2018.01,90.06
2018.01,90.97
2018.01,90.47
2018.01,91.18
2018.01,92.3
2018.01,91.78
2018.01,92.91
2018.01,92.27
2018.01,90.8
2018.01,91.72
2018.01,92.09
2018.01,90.13
2018.01,90.83
2018.02,89.79
2018.02,88
2018.02,87.44
2018.02,85.29
2018.02,86.28
2018.02,84.08
2018.02,82.86
2018.02,83.28
2018.02,82.8
2018.02,83.7
2018.02,83.86
2018.02,84.31
2018.02,83.86
2018.02,84.51
2018.02,84.5
2018.02,84.5
2018.02,84.52
2018.02,84.85
2018.02,85.45
2018.02,86.2
2018.03,84.1
2018.03,82.47
2018.03,84.23
2018.03,84.55
2018.03,86.68
2018.03,87.86
2018.03,88.39
2018.03,88.37
2018.03,87.42
2018.03,87.24
2018.03,87.9
2018.03,87.35
2018.03,85.79
2018.03,85.4
2018.03,85.85
2018.03,85.15
2018.03,84.07
2018.03,82.98
2018.03,84.78
2018.03,84.42
2018.03,84.97
2018.04,84.25
2018.04,84.06
2018.04,86.66
2018.04,86.47
2018.04,87.37
2018.04,87.51
2018.04,86.84
2018.04,87.74
2018.04,87.97
2018.04,87.2
2018.04,88.46
2018.04,88.54
2018.04,87.71
2018.04,86.52
2018.04,87.15
2018.04,90.21
2018.04,89.14
2018.04,90.33
2018.04,92.02
2018.04,92.42
2018.05,93.85
2018.05,93.95
2018.05,95.44
2018.05,96
2018.05,96.51
2018.05,96.74
2018.05,97.54
2018.05,97.42
2018.05,96.85
2018.05,95.5
2018.05,96.17
2018.05,96.95
2018.05,95.85
2018.05,96.11
2018.05,96.42
2018.05,96.84
2018.05,97.83
2018.05,96.64
2018.05,95.33
2018.05,96.18
2018.05,96.34
2018.06,97.33
2018.06,97.79
2018.06,99
2018.06,99.07
2018.06,99.62
2018.06,100.44
2018.06,101.78
2018.06,101.98
2018.06,102.82
2018.06,104.3
2018.06,103.78
2018.06,102.5
2018.06,101.74
2018.06,102.72
2018.06,101.42
2018.06,100.9
2018.06,98.6
2018.06,98.59
2018.06,99.95
2018.06,97.28
2018.06,98.95
2018.07,98.3
2018.07,99.06
2018.07,97.81
2018.07,99.17
2018.07,99.45
2018.07,101.38
2018.07,102.18
2018.07,100.48
2018.07,101.88
2018.07,102.78
2018.07,102.64
2018.07,103.8
2018.07,104.68
2018.07,100.98
2018.07,99.99
2018.07,99.64
2018.07,100.9
2018.07,101
2018.07,103.24
2018.07,103.14
2018.07,100.2
2018.07,99.85
2018.08,99.54
2018.08,99.09
2018.08,99.77
2018.08,99.86
2018.08,99.39
2018.08,100.38
2018.08,100.3
2018.08,98.65
2018.08,100.1
2018.08,100.36
2018.08,99.3
2018.08,102.06
2018.08,101.98
2018.08,102.6
2018.08,102.32
2018.08,102.54
2018.08,103.54
2018.08,103.98
2018.08,104.7
2018.08,104.44
2018.08,104.54
2018.08,104.28
2018.08,103.62
2018.09,103.64
2018.09,102.4
2018.09,99.22
2018.09,98.76
2018.09,100.56
2018.09,101.98
2018.09,102.84
2018.09,104.2
2018.09,103.7
2018.09,104.2
2018.09,102.9
2018.09,103.2
2018.09,102.14
2018.09,101.64
2018.09,104.1
2018.09,103.46
2018.09,107
2018.09,107.8
2018.09,107.8
2018.09,106
2018.10,106.68
2018.10,106.06
2018.10,106.08
2018.10,104.22
2018.10,102.04
2018.10,103.8
2018.10,98.71
2018.10,97.08
2018.10,98.07
2018.10,98.01
2018.10,100.96
2018.10,100.34
2018.10,94.38
2018.10,95.3
2018.10,94.99
2018.10,92.6
2018.10,91.68
2018.10,93.68
2018.10,92.99
2018.10,92.63
2018.10,92.61
2018.10,94.66
2018.11,93.46
2018.11,94.39
2018.11,93.78
2018.11,93.42
2018.11,94.62
2018.11,94.33
2018.11,95.17
2018.11,89.8
2018.11,91.88
2018.11,91.94
2018.11,92.15
2018.11,91.7
2018.11,88.95
2018.11,88.04
2018.11,89.3
2018.11,88.52
2018.11,89.35
2018.11,90
2018.11,90.19
2018.11,90.83
2018.11,91.1
2018.11,90.92
2018.12,92.51
2018.12,91.95
2018.12,90.31
2018.12,87.92
2018.12,88.46
2018.12,89.85
2018.12,91.23
2018.12,90.78
2018.12,89.94
2018.12,88.66
2018.12,87.75
2018.12,89.22
2018.12,87.77
2018.12,86.42
2018.12,85.79
2018.12,86.93
2019.01,87.01
2019.01,84.31
2019.01,86.44
2019.01,86.62
2019.01,87.97
2019.01,89.18
2019.01,89.44
2019.01,89
2019.01,88.07
2019.01,89.3
2019.01,90.48
2019.01,93.1
2019.01,91.97
2019.01,91.36
2019.01,91.6
2019.01,92.49
2019.01,92.66
2019.01,92.36
2019.01,89.81
2019.01,88.83
2019.01,90.25
2019.02,90.79
2019.02,90.97
2019.02,92.9
2019.02,92.91
2019.02,90.96
2019.02,91.66
2019.02,92.47
2019.02,92.4
2019.02,93.36
2019.02,93.56
2019.02,94.3
2019.02,94.21
2019.02,94.02
2019.02,94.45
2019.02,94.77
2019.02,95.41
2019.02,94.98
2019.02,94.52
2019.02,93.81
2019.02,94.2
2019.03,94.89
2019.03,94.68
2019.03,95.37
2019.03,95.2
2019.03,95.32
2019.03,95.6
2019.03,95.84
2019.03,95.6
2019.03,96.4
2019.03,97
2019.03,99.35
2019.03,98.85
2019.03,100.14
2019.03,100.1
2019.03,100.1
2019.03,98.68
2019.03,98.64
2019.03,100.86
2019.03,100.24
2019.03,101.44
2019.03,103
2019.04,103
2019.04,103.1
2019.04,103.84
2019.04,103.64
2019.04,102.5
2019.04,101.88
2019.04,98.38
2019.04,99.7
2019.04,99.67
2019.04,99.39
2019.04,99.76
2019.04,99.47
2019.04,99.37
2019.04,100.48
2019.04,101.84
2019.04,114.62
2019.04,115.04
2019.04,114.34
2019.04,115
2019.04,114.58
2019.05,113.1
2019.05,113.66
2019.05,112.5
2019.05,110.06
2019.05,111.1
2019.05,110.08
2019.05,110.24
2019.05,109.9
2019.05,111.92
2019.05,112.96
2019.05,116.08
2019.05,114.6
2019.05,111.9
2019.05,113.76
2019.05,115.68
2019.05,113.18
2019.05,113.62
2019.05,113.72
2019.05,113.16
2019.05,111.2
2019.05,112
2019.05,110.42
2019.06,111.22
2019.06,111.14
2019.06,111.96
2019.06,111.38
2019.06,113.72
2019.06,113.18
2019.06,113.32
2019.06,114.44
2019.06,113.54
2019.06,114.62
2019.06,118.16
2019.06,116.98
2019.06,118.72
2019.06,118.5
2019.06,118.82
2019.06,118.46
2019.06,118.5
2019.06,118
2019.06,120.76
2019.07,122.26
2019.07,123.5
2019.07,124.38
2019.07,123.76
2019.07,122.82
2019.07,123.2
2019.07,123
2019.07,121.9
2019.07,121.92
2019.07,121.06
2019.07,121.42
2019.07,120.98
2019.07,120.06
2019.07,113.32
2019.07,112
2019.07,111.24
2019.07,112.46
2019.07,113.78
2019.07,112.22
2019.07,114.1
2019.07,113.42
2019.07,110.58
2019.07,111.72
2019.08,113.18
2019.08,109.36
2019.08,106.18
2019.08,104
2019.08,106.2
2019.08,108.66
2019.08,106.08
2019.08,106.34
2019.08,107.62
2019.08,105.48
2019.08,105.74
2019.08,107.3
2019.08,107.98
2019.08,106.86
2019.08,109.86
2019.08,107.48
2019.08,106.38
2019.08,106.72
2019.08,108.54
2019.08,107.12
2019.08,108.38
2019.08,108.6
2019.09,108.36
2019.09,108.3
2019.09,109.22
2019.09,111.48
2019.09,111.3
2019.09,110.2
2019.09,108.74
2019.09,109.14
2019.09,109.34
2019.09,107.88
2019.09,106.48
2019.09,108.26
2019.09,108.5
2019.09,109.1
2019.09,109.86
2019.09,108.12
2019.09,108.38
2019.09,106.7
2019.09,107.5
2019.09,107.8
2019.09,107.88
2019.10,106.86
2019.10,103.34
2019.10,104.84
2019.10,104.28
2019.10,103.66
2019.10,105.9
2019.10,104.94
2019.10,115.68
2019.10,114.76
2019.10,115.48
2019.10,116.64
2019.10,116
2019.10,115.82
2019.10,118.74
2019.10,119.5
2019.10,118.46
2019.10,118.88
2019.10,119.22
2019.10,119.7
2019.10,118.9
2019.10,119.4
2019.10,118.8
2019.11,119.62
2019.11,120.82
2019.11,120.36
2019.11,122.08
2019.11,122.7
2019.11,123.26
2019.11,123.54
2019.11,123.34
2019.11,122.12
2019.11,121.56
2019.11,122.6
2019.11,122.06
2019.11,122.66
2019.11,122.26
2019.11,122.36
2019.11,122.8
2019.11,123.36
2019.11,122.4
2019.11,123.04
2019.11,122.52
2019.11,123.48
2019.12,119.44
2019.12,120.16
2019.12,122.08
2019.12,121.24
2019.12,122.2
2019.12,121.94
2019.12,121.74
2019.12,121.4
2019.12,122.12
2019.12,124.16
2019.12,124.62
2019.12,120.64
2019.12,119.58
2019.12,119.56
2019.12,120.94
2019.12,120.76
2019.12,121.4
2019.12,120.32
2020.01,122
2020.01,120.46
2020.01,119.56
2020.01,120.1
2020.01,120.82
2020.01,123.16
2020.01,123.76
2020.01,123.76
2020.01,123.6
2020.01,123
2020.01,122.44
2020.01,125.96
2020.01,125.66
2020.01,126.2
2020.01,126.6
2020.01,123.84
2020.01,126.9
2020.01,122.46
2020.01,119.84
2020.01,120
2020.01,118.18
2020.01,117.82
2020.02,120
2020.02,122.98
2020.02,124.6
2020.02,124.42
2020.02,124.08
2020.02,123.66
2020.02,125.36
2020.02,126.82
2020.02,126.8
2020.02,127.14
2020.02,127.4
2020.02,127.32
2020.02,129.44
2020.02,127.8
2020.02,126.16
2020.02,121.24
2020.02,119.28
2020.02,118.76
